   Sito Data Replica Specie1 Specie2 Specie3 Specie4 
1     A    1       1      36       6      58      78 
2     A    1       2      33      92      11       1 
3     A    1       3      54       1      69      51 
4     A    1       4      81      29      55      87 
5     A    1       5      31       6      80      77 
6     A    2       1      67      86      90      55 
7     A    2       2      87      64      20      36 
8     A    2       3      51      83      29      45 
9     A    2       4      99      66      12       8 
10    A    2       5      30      29      73      72 
11    B    1       1       5      55      52      19 
12    B    1       2      39      45      23      88 
13    B    1       3      91      74      29      49 
14    B    1       4      30      97      29      80 
15    B    1       5      52       8      84      81 
16    B    2       1      64      98      29      81 
17    B    2       2      11      24      97      70 
18    B    2       3      70      92      36      53 
19    B    2       4      33      65      92      43 
20    B    2       5      42      78      97      23 